0002
0007
0008
0009
0010
0013
0016
0024
0025
0026
0027
0029
0030
0047
0048
0049
0050
0051
0057
0058
0059
0062
0063
0068
0071
0073
0079
0080
0081
0082
0088
0100
0103
0105
0106
0107
0108
0112
0117
0122
0123
0126
0128
0129
0130
0131
0132
0133
0135
0137
0139
0140
0142
0144
0145
0146
0147
0148
0149
0150
0151
0152
0154
0156
0157
0159
0164
0165
0167
0168
0169
0170
0172
0173
0178
0179
0180
0184
0186
0187
0188
0190
0193
0196
0197
0198
0199
0201
0204
0205
0206
0207
0209
0211
0212
0215
0218
0223
0227
0228
0229
0232
0234
0237
0238
0242
0245
0246
0247
0250
0251
0253
0255
0259
0261
0263
0264
0267
0271
0272
0273
0274
0275
0276
0278
0279
0280
0281
0282
0285
0287
0293
0295
0297
0299
0300
0301
0303
0305
0306
0311
0313
0314
0315
0316
0319
0320
0328
0330
0373
0375
0388
0389
0391
0395
0396
0397
0398
0403
0405
0410
0411
0420
0421
0422
0424
0425
0426
0427
0428
0429
0430
0431
0432
0433
0436
0437
0440
0441
0442
0443
0444
0445
0446
0447
0448
0449
0450
0451
0453
0454
0455
0456
0457
0460
0462
0463
0467
0470
0471
0474
0478
0479
0481
0485
0486
0487
0488
0491
0492
0493
0496
0497
0498
0500
0501
0502
0504
0505
0506
0507
0509
0511
0512
0513
0514
0515
0518
0520
0521
0523
0524
0525
0526
0527
0529
0532
0533
0534
0535
0536
0537
0538
0539
0540
0541
0542
0546
0547
0548
0549
0550
0551
0552
0554
0555
0557
0559
0560
0561
0562
0563
0564
0565
0566
0568
0571
0572
0574
0575
0576
0578
0579
0580
0582
0587
0588
0591
0592
0597
0599
0601
0602
0603
0605
0606
0610
0611
0612
0613
0617
0620
0623
0629
0632
0633
0634
0636
0637
0638
0639
0641
0647
0648
0650
0652
0653
0654
0657
0658
0660
0661
0664
0666
0667
0669
0670
0671
1031
1036
1040
1041
1044
1045
1046
1048
1049
1052
1054
1055
1059
1064
1065
1066
1067
1069
1072
1073
1075
1080
1082
1085
1090
1092
1093
1094
1097
1099
1103
1104
1106
1108
1110
1111
1113
1114
1115
1117
1119
1120
1126
1129
1131
1135
1143
1146
1149
1151
1153
1154
1155
1156
1159
1161
1165
1170
1173
1176
1179
1181
1185
1186
1187
1188
1189
1190
1191
1192
1193
1196
1203
1204
1205
1206
1211
1216
1218
1219
1223
1224
1228
1230
1232
1234
1236
1238
1243
1244
1245
1247
1248
1252
1255
1256
1257
1258
1259
1261
1264
1265
1266
1267
1268
1271
1272
1275
1276
1278
1282
1286
1288
1292
1295
1306
1308
1317
1318
1320
1322
1325
1326
1327
1328
1329
1330
1332
1333
1334
1335
1337
1339
1340
1343
1344
1346
1351
1352
1353
1354
1355
1357
1358
1364
1366
1367
1370
1371
1377
1380
1383
1384
1385
1386
1392
1393
1395
1397
1398
1402
1404
1406
1408
1411
1412
1425
1429
1430
1437
1438
1439
1440
1443
1444
1445
1446
1447
1450
1455
1457
1461
1463
1466
1471
1473
1478
1479
1480
1481
1483
1484
1485
1486
1487
1488
1489
1491
1494
1495
1497
1498
1499
1500
1501
1502
1503
1504
1505
1507
1508
1509
1510
1513
1514
1515
1516
1517
1518
1519
1521
1522
1524
1526
1527
1528
1529
1531
1533
1534
1536
1537
1539
1542
1543
1545
1546
1547
1550
1551
1552
1553
1555
1558
1559
1560
1561
1564
1567
1568
1569
1570
1571
1572
1574
1577
1580
1581
1582
1583
1584
1585
1586
1587
1588
1589
1590
1593
1594
1595
1596
1597
1598
1599
1600
1601
1602
1609
1610
1611
1612
1613
1614
1621
1624
1628
1632
1633
1635
1637
1641
1642
1643
1645
1650
1651
1653
1654
1655
1656
1659
1662
1666
1667
1668
1670
1674
1676
1677
1678
1681
1682
1687
1688
1690
1692
1694
1695
1697
1698
1699
1701
1702
1704
1707
1710
1712
1715
1717
1720
1735
1737
1740
1744
1745
1747
1756
1759
1761
1766
1767
1777
1780
1785
1786
1788
1790
1792
1794
1797
1798
1800
1804
1808
1816
1818
1819
1823
1825
1833
1834
1835
1839
1840
1842
1847
1848
1850
1851
1852
1856
1858
1860
1866
1868
1872
1874
1878
1880
1887
1890
1892
1893
1895
1900
1902
1903
1904
1907
1910
1918
1920
1922
1927
1929
1933
1937
1941
1943
1948
1957
1959
1962
1966
1968
1970
1974
1980
1982
1987
1988
1991
1993
1996
2001
2003
2006
2010
2032
2035
2043
2044
2050
2052
2053
2055
2058
2063
2066
2072
2083
2085
2091
2092
2096
2099
2111
2112
2131
2137
2143
2147
2148
2151
2159
2161
2162
2175
2177
2181
2193
2212
2214
2244
2246
2249
2251
2252
2256
2257
2261
2266
2267
2270
2271
2279
2285
2288
2289
2290
2293
2296
2299
2305
2311
2312
2322
2324
2330
2331
2342
2343
2349
2351
2373
2376
2378
2385
2387
2392
2395
2396
2403
2406
2407
2409
2414
2420
2421
2428
2432
2435
2439
2444
2446
2447
2449
2454
2458
2459
2460
2467
2468
2470
2473
2474
2477
2478
2479
2481
2483
2485
2488
2489
2494
2499
2503
2504
2506
2512
2514