0014
0015
0017
0052
0053
0054
0055
0056
0060
0064
0065
0067
0069
0070
0072
0074
0075
0076
0078
0083
0084
0086
0087
0089
0090
0092
0093
0094
0095
0096
0097
0099
0104
0113
0114
0115
0116
0118
0119
0121
0125
0127
0134
0136
0143
0158
0160
0161
0163
0166
0174
0175
0176
0182
0183
0185
0189
0192
0195
0203
0208
0210
0213
0214
0216
0219
0222
0224
0225
0226
0231
0233
0235
0236
0239
0241
0243
0244
0249
0252
0254
0256
0257
0258
0260
0265
0268
0269
0270
0277
0283
0286
0288
0290
0298
0304
0307
0309
0310
0317
0321
0327
0377
0378
0379
0380
0381
0382
0383
0384
0385
0386
0387
0392
0393
0399
0400
0401
0402
0404
0407
0408
0409
0412
0416
0417
0418
0434
0438
0439
0452
0461
0464
0465
0468
0469
0472
0473
0475
0476
0480
0482
0483
0484
0489
0490
0499
0503
0522
0530
0544
0556
0569
0573
0581
0583
0586
0589
0590
0593
0594
0598
0600
0607
0609
0614
0615
0616
0621
0622
0624
0626
0627
0628
0630
0635
0640
0642
0644
0646
0649
0651
0655
0656
0662
0663
0668
1032
1035
1038
1039
1047
1050
1056
1057
1058
1060
1061
1062
1063
1068
1070
1074
1076
1077
1078
1079
1081
1083
1084
1086
1087
1088
1089
1095
1096
1098
1100
1101
1102
1105
1109
1116
1118
1121
1123
1124
1125
1127
1128
1130
1132
1136
1137
1138
1139
1140
1141
1142
1144
1148
1150
1152
1157
1158
1160
1162
1163
1164
1166
1167
1168
1171
1175
1177
1180
1182
1183
1184
1194
1195
1197
1198
1200
1201
1202
1207
1208
1209
1210
1212
1213
1214
1215
1217
1220
1222
1225
1226
1227
1229
1231
1233
1235
1237
1239
1240
1241
1242
1246
1249
1250
1251
1253
1254
1262
1263
1269
1270
1273
1277
1279
1280
1281
1283
1284
1285
1287
1289
1290
1291
1294
1296
1297
1298
1299
1300
1301
1302
1303
1304
1305
1307
1309
1310
1311
1312
1313
1314
1315
1316
1319
1321
1323
1324
1331
1336
1341
1342
1345
1350
1356
1359
1360
1361
1362
1363
1365
1368
1369
1372
1373
1374
1375
1376
1378
1379
1381
1382
1387
1388
1389
1390
1391
1396
1399
1400
1401
1403
1405
1407
1409
1410
1413
1414
1415
1416
1417
1418
1419
1420
1421
1422
1423
1424
1426
1427
1431
1432
1433
1434
1435
1436
1441
1442
1448
1449
1451
1452
1453
1454
1456
1458
1459
1460
1462
1464
1467
1468
1469
1470
1472
1474
1475
1476
1477
1492
1493
1496
1506
1512
1520
1523
1525
1530
1532
1535
1538
1540
1541
1544
1548
1549
1554
1556
1557
1563
1565
1566
1573
1575
1576
1578
1591
1592
1603
1604
1605
1606
1607
1608
1615
1616
1617
1618
1619
1620
1622
1623
1625
1626
1627
1629
1630
1631
1634
1636
1638
1640
1644
1646
1647
1648
1649
1652
1657
1658
1660
1661
1663
1664
1669
1671
1672
1673
1675
1679
1680
1683
1685
1686
1689
1691
1696
1700
1703
1705
1706
1708
1709
1711
1713
1716
1718
1719
1721
1722
1723
1724
1725
1726
1727
1728
1729
1730
1731
1732
1733
1734
1736
1738
1739
1741
1742
1743
1746
1748
1749
1750
1751
1752
1753
1754
1755
1757
1758
1760
1762
1763
1764
1765
1768
1769
1770
1771
1772
1773
1774
1775
1776
1778
1779
1781
1782
1783
1784
1787
1789
1791
1793
1795
1796
1799
1801
1802
1803
1805
1806
1807
1809
1810
1811
1812
1813
1815
1817
1820
1821
1822
1824
1827
1828
1829
1830
1831
1832
1836
1837
1838
1841
1843
1844
1845
1846
1849
1853
1854
1855
1857
1859
1861
1862
1863
1864
1865
1867
1869
1870
1871
1875
1876
1877
1879
1881
1882
1883
1884
1885
1886
1888
1889
1891
1894
1896
1897
1898
1899
1901
1905
1906
1908
1909
1911
1912
1913
1914
1915
1916
1917
1919
1921
1923
1924
1925
1926
1928
1930
1931
1932
1934
1935
1936
1938
1939
1940
1942
1944
1945
1946
1947
1949
1950
1951
1952
1953
1954
1955
1956
1958
1960
1961
1963
1964
1965
1967
1969
1971
1972
1973
1975
1976
1977
1978
1979
1981
1983
1984
1986
1989
1990
1992
1994
1995
1997
1998
1999
2000
2002
2004
2005
2007
2008
2009
2011
2012
2013
2015
2016
2017
2018
2019
2020
2021
2022
2023
2024
2025
2026
2027
2028
2029
2030
2031
2033
2034
2036
2037
2038
2039
2040
2041
2042
2045
2046
2047
2048
2049
2051
2054
2056
2057
2059
2060
2061
2062
2064
2065
2067
2068
2069
2070
2071
2073
2074
2075
2076
2077
2078
2079
2080
2081
2082
2084
2086
2087
2088
2089
2090
2093
2094
2095
2097
2098
2100
2101
2102
2103
2104
2105
2106
2107
2108
2109
2110
2113
2114
2115
2116
2117
2118
2119
2132
2136
2138
2140